{
  "height": 194,
  "width": 170,
  "x": 209.60000610351562,
  "y": 2252.387451171875
}