{
  "height": 38,
  "width": 55,
  "x": 402.38751220703125,
  "y": 272.8000183105469
}