{
  "height": 38,
  "width": 55,
  "x": 402.3374938964844,
  "y": 522.7999877929688
}