{
  "height": 24,
  "width": 90,
  "x": 80.5875015258789,
  "y": 440.8000183105469
}