{
  "height": 24,
  "width": 234,
  "x": 36.79999923706055,
  "y": 664.7999877929688
}