{
  "height": 194,
  "width": 170,
  "x": 395.5874938964844,
  "y": 1111.7999511957169
}