{
  "height": 194,
  "width": 170,
  "x": 395.5874938964844,
  "y": 2252.3875000178814
}