{
  "height": 38,
  "width": 76,
  "x": 1075.550048828125,
  "y": 413.6000061035156
}