{
  "height": 194,
  "width": 170,
  "x": 209.60000610351562,
  "y": 1111.800048828125
}