{
  "height": 38,
  "width": 55,
  "x": 402.38751220703125,
  "y": 522.7999877929688
}